Issue;Tool;Project;File;Location
SpreadOperator;Detekt;/Users/rar9993/repos/research/fdroid_apps/native_apps/NyaaPantsu-android-app/NONE_TRANSFORMED_;/Users/rar9993/repos/research/fdroid_apps/native_apps/NyaaPantsu-android-app/app/src/main/java/cat/pantsu/nyaapantsu/ui/fragment/TorrentListFragment.kt;file:/Users/rar9993/repos/research/fdroid_apps/native_apps/NyaaPantsu-android-app/app/src/main/java/cat/pantsu/nyaapantsu/ui/fragment/TorrentListFragment.kt|line:111
