File,Class,DTWC,DR,DW,IDFP,IDS,ISQLQ,IGS,LIC,LT,MIM,NLMR,PD,RAM,SL,UC
"/Users/rar9993/repos/research/fdroid_apps/native_apps/Privacy-Indicator-App/app/src/androidTest/java/com/nitish/privacyindicator/ExampleInstrumentedTest.java",com.nitish.privacyindicator.ExampleInstrumentedTest,0,0,0,0,0,0,0,0,0,0,0,0,0,0,0
"/Users/rar9993/repos/research/fdroid_apps/native_apps/Privacy-Indicator-App/app/src/test/java/com/nitish/privacyindicator/ExampleUnitTest.java",com.nitish.privacyindicator.ExampleUnitTest,0,0,0,0,0,0,0,0,0,0,0,0,0,0,0
"/Users/rar9993/repos/research/fdroid_apps/native_apps/Privacy-Indicator-App/app/src/main/java/com/nitish/privacyindicator/repository/SharedPrefManager.java",com.nitish.privacyindicator.repository.SharedPrefManager,0,0,0,0,0,0,0,0,0,0,0,0,0,0,0
